                  9999 Number of PKAs Sampled
 Vacancy Generation
  307.8266472904E-09    43.9722184764E-09     3.0997037728E-09   135.4639568390E-12     3.6055045547E-12     0.0000000000E+00     0.0000000000E+00     0.0000000000E+00     0.0000000000E+00     0.0000000000E+00 
 
 SIA Generation
  195.9782302122E-09    77.7078944502E-09    15.0411348578E-09     1.9969344512E-09   199.8479667435E-12    18.5425948525E-12     2.0602883169E-12     0.0000000000E+00     0.0000000000E+00     0.0000000000E+00 
 
 
                 99999 Number of PKAs Sampled
 Vacancy Generation
  311.0739911831E-09    44.3193539721E-09     3.1311503812E-09   139.6234733115E-12     5.7167855174E-12   103.0051444570E-15     0.0000000000E+00     0.0000000000E+00     0.0000000000E+00     0.0000000000E+00 
 
 SIA Generation
  197.8612944232E-09    78.2371454518E-09    15.4103421494E-09     2.0092698504E-09   197.5123644964E-12    16.0172999631E-12   927.0463001133E-15     0.0000000000E+00     0.0000000000E+00     0.0000000000E+00 
 
 
                999999 Number of PKAs Sampled
 Vacancy Generation
  310.9152482794E-09    44.1986822230E-09     3.1342947307E-09   147.4041853243E-12     5.0266058096E-12   128.7552717623E-15     5.1502108705E-15     0.0000000000E+00     0.0000000000E+00     0.0000000000E+00 
 
 SIA Generation
  197.7730158782E-09    78.1311246547E-09    15.3942481029E-09     2.0082526260E-09   196.2899869070E-12    15.3733794484E-12   865.2354262424E-15    36.0514760934E-15     0.0000000000E+00     0.0000000000E+00 
 
 
